1000
10
0.2
480
360
450
440
280
420
500
510
520
320
480
330
450
340
500
550
470
430
510
530
510
460
450
620
670
410
460
440
470
350
390
600
490
590
540
440
700
540
770
590
460
380
550
580
410
750
400
380
500
390
350
600
570
520
540
390
530
260
290
490
430
360
220
400
490
770
670
340
350
520
550
760
410
480
290
540
360
630
420
360
500
360
450
600
840
480
500
540
480
560
510
310
780
650
580
450
540
400
560
380
420
750
740
430
400
470
720
310
520
330
440
440
460
360
380
380
480
380
400
330
640
400
840
530
570
460
830
260
610
380
550
460
450
590
610
470
160
600
420
390
610
480
580
680
860
800
700
420
390
930
490
400
410
590
440
390
610
640
770
590
810
410
620
280
790
390
340
820
390
410
450
360
630
480
280
330
570
440
630
180
440
390
420
470
260
690
610
460
610
430
490
490
450
620
1000
320
540
600
470
380
500
600
690
440
680
600
870
370
370
770
190
320
450
440
540
790
590
340
640
470
590
480
340
350
480
530
300
500
620
410
590
310
540
420
630
320
780
620
550
880
600
390
340
330
630
910
560
600
470
540
550
390
480
700
550
340
600
740
690
470
540
700
430
240
490
520
330
460
680
610
650
630
530
530
440
380
500
410
450
440
480
710
450
680
450
620
260
450
520
340
650
650
440
360
420
580
480
370
650
550
620
480
530
380
360
600
400
420
300
520
410
560
870
340
540
290
540
570
580
570
580
650
330
320
720
570
660
380
430
440
650
370
330
780
410
380
450
430
440
330
480
350
490
580
510
770
580
260
640
470
560
840
480
540
590
630
520
510
490
300
310
640
630
400
310
390
350
350
480
540
480
390
330
300
310
540
390
690
340
440
560
520
570
520
320
600
560
390
470
740
510
580
500
680
680
680
340
470
330
680
270
680
410
640
680
490
400
600
420
400
740
550
350
450
580
490
480
300
490
700
420
660
520
370
450
640
380
720
340
550
470
340
750
630
760
400
740
640
490
260
550
440
520
440
410
390
340
510
390
420
690
460
480
700
470
530
350
350
700
560
360
510
540
510
430
240
430
360
400
430
620
480
370
540
400
650
270
650
660
500
630
590
380
380
430
440
490
600
600
450
440
350
920
500
670
540
340
500
710
460
