1000
6
0.166666
210
530
310
260
300
180
320
510
170
340
470
1010
420
480
310
540
330
530
320
710
550
480
420
480
550
470
200
260
320
270
130
410
340
240
240
600
220
450
460
250
380
140
170
350
430
430
530
210
470
360
280
500
480
280
290
500
200
620
320
480
440
160
260
660
200
390
290
270
280
440
300
140
350
310
400
760
590
390
280
280
470
260
580
420
330
350
470
180
410
230
480
220
320
320
480
460
390
160
560
530
280
220
390
260
200
260
240
530
810
210
250
370
320
230
260
420
370
410
280
530
230
400
680
280
820
340
310
360
400
230
470
250
580
210
310
310
740
180
360
240
320
380
390
820
260
210
130
520
620
290
300
230
300
430
270
220
290
400
610
610
470
270
330
350
490
140
160
790
630
260
390
240
570
210
540
350
520
390
460
320
410
560
310
300
550
190
510
340
420
340
330
250
420
390
360
490
330
330
420
410
180
410
450
150
220
250
450
280
280
290
490
380
360
260
310
270
250
490
560
260
390
200
210
290
440
390
310
630
280
160
410
290
280
210
170
360
370
270
420
370
340
200
710
450
190
350
330
690
490
210
180
400
450
380
430
300
270
360
230
250
230
400
430
150
540
310
300
400
550
340
340
290
420
410
190
480
240
400
400
580
260
210
200
180
340
170
290
840
490
450
410
230
460
330
410
340
440
480
260
360
320
280
270
210
570
370
320
260
210
240
580
240
370
270
290
370
330
270
470
130
380
280
250
190
360
120
200
230
440
360
430
270
400
480
740
210
290
390
560
380
380
360
270
180
350
270
430
270
350
310
240
400
280
330
250
270
350
610
530
210
260
220
360
420
470
310
250
490
450
340
320
430
240
320
290
260
290
470
410
280
310
420
500
300
180
350
150
300
180
250
300
580
310
190
600
230
260
420
270
110
270
310
260
340
280
370
350
400
360
420
260
190
320
500
320
490
220
390
250
480
770
500
510
450
210
420
170
230
370
260
180
400
220
600
380
460
480
370
450
330
390
400
400
430
420
360
240
170
200
110
410
310
300
570
360
380
260
420
220
420
260
330
270
350
270
290
360
390
330
390
700
380
270
440
210
290
580
490
190
540
210
400
290
210
150
380
390
800
340
560
120
260
320
550
510
280
260
240
150
470
