800
1130
1280
870
1190
950
1560
590
710
700
860
1610
1030
940
840
1310
1050
620
1870
830
610
770
730
1040
560
1550
1300
1160
820
1020
790
1230
1300
1050
810
820
790
1330
1120
1240
850
1110
1940
1560
740
820
960
1380
1250
1020
470
1180
1320
840
730
750
1190
760
1530
1160
840
600
730
890
1200
1030
1240
910
1880
1280
1300
1060
1100
650
720
1150
1260
680
1110
1090
1280
1120
590
850
640
760
1040
2350
950
940
850
650
1090
980
1460
2190
1320
1080
810
970
760
1710
790
550
890
590
1670
1390
1280
800
960
1060
920
700
720
740
930
770
650
970
910
990
1140
1180
1210
760
980
760
1510
740
690
990
1320
950
1470
620
850
840
1050
850
800
690
1150
950
870
1330
810
740
1000
660
