590
370
400
280
370
400
350
390
310
560
380
440
410
490
580
640
360
360
330
290
420
240
360
460
450
340
580
270
470
500
310
420
320
340
290
320
450
270
330
280
330
210
240
370
300
320
380
510
340
480
280
470
280
570
430
520
200
480
240
410
340
350
510
270
300
390
350
390
430
340
210
390
360
340
520
310
340
240
350
470
600
460
330
420
750
540
390
400
350
590
330
390
370
590
250
500
470
460
420
340
360
450
220
400
310
470
360
360
530
320
430
290
600
500
400
260
860
470
570
370
360
420
330
410
330
440
310
400
420
310
440
390
340
320
230
420
410
530
250
260
510
650
240
350
330
400
260
510
300
560
340
340
250
370
240
390
340
500
420
470
440
500
270
510
320
280
550
420
360
330
310
320
320
440
320
360
460
230
310
250
440
250
740
420
390
420
290
380
350
150
370
350
350
220
440
280
210
660
390
480
340
360
430
320
200
450
490
260
400
320
330
280
500
320
240
300
310
270
490
340
220
240
490
320
220
390
280
360
340
240
270
520
400
370
520
630
440
430
470
330
340
230
280
150
380
430
250
370
390
300
380
400
500
420
440
210
360
520
530
330
290
560
340
500
350
780
300
400
310
320
370
430
240
250
320
420
400
380
430
320
320
500
420
340
590
330
350
470
310
270
510
650
240
580
240
480
270
350
320
310
350
410
430
610
190
480
250
410
390
370
230
290
220
790
390
470
360
450
620
310
260
390
250
240
550
330
650
350
490
550
340
330
350
280
300
350
350
490
450
440
360
430
350
490
360
250
310
340
530
250
450
480
360
510
480
480
530
280
270
370
580
320
340
450
350
350
390
330
410
400
400
400
240
280
530
480
390
320
480
500
500
360
500
260
240
360
250
330
300
370
510
310
370
300
390
400
430
330
450
440
370
290
540
400
240
210
400
380
310
280
300
310
240
440
380
340
530
210
420
660
290
380
420
480
290
470
260
320
270
300
570
300
380
360
580
290
550
370
380
440
430
400
430
290
220
190
430
190
470
580
440
330
240
260
370
480
460
250
340
300
380
300
320
290
570
340
410
410
290
310
530
210
370
380
520
390
330
510
450
280
360
350
250
340
450
420
410
380
440
440
390
370
290
350
420
340
340
400
290
250
