1000
10
0.4
200
180
290
360
260
280
260
360
210
370
290
250
270
290
290
300
220
380
260
330
280
220
270
420
350
270
330
180
220
330
200
260
250
220
400
180
190
370
210
270
170
190
370
350
260
230
350
260
240
220
300
250
430
400
250
210
370
210
290
330
240
250
240
170
150
230
220
170
290
280
210
240
390
260
330
160
290
220
190
230
180
290
330
200
410
320
290
260
200
270
170
320
290
330
310
230
250
240
250
360
240
230
240
290
320
310
450
180
240
330
260
390
280
330
280
400
280
260
250
170
280
250
270
220
280
170
290
210
200
240
310
210
260
240
240
230
160
250
380
320
260
250
270
170
210
100
310
190
190
220
200
190
250
250
390
280
300
300
200
250
290
270
210
300
240
210
370
260
250
310
150
180
180
340
190
180
220
220
290
340
250
290
190
200
250
260
450
180
200
230
380
310
210
240
240
250
290
240
260
160
330
290
360
210
220
260
320
200
250
220
260
250
190
150
200
240
250
330
200
210
160
250
360
380
180
410
260
320
350
360
230
340
350
310
370
190
380
260
170
250
260
230
290
220
260
300
360
320
210
170
270
310
230
230
230
290
190
220
290
230
250
220
240
210
370
210
230
350
320
210
170
180
190
280
320
390
340
350
220
230
290
260
280
170
350
310
390
280
420
380
210
180
260
330
160
260
320
410
350
340
370
170
420
170
200
280
240
310
150
260
230
280
260
190
200
250
260
400
190
260
190
260
300
220
450
440
260
290
240
340
320
210
380
280
190
130
270
170
200
210
290
130
270
260
220
200
320
200
280
180
210
200
230
230
230
210
320
270
330
220
250
200
250
220
290
220
250
420
180
280
290
230
220
210
200
280
220
360
240
230
220
240
280
190
220
190
360
320
190
450
290
290
170
230
270
240
390
240
180
240
150
280
270
270
300
320
230
320
440
210
290
330
240
250
190
200
350
190
150
310
180
180
240
340
190
380
250
360
220
320
310
170
220
260
220
270
340
250
250
320
190
380
290
310
260
260
340
230
230
250
260
400
310
240
280
200
190
350
230
250
260
370
250
240
180
170
370
200
350
330
330
200
280
170
220
190
340
220
430
360
200
190
220
210
350
290
210
220
200
290
180
310
250
190
310
150
420
190
320
200
