1000
8
0.125
600
770
690
920
830
890
860
660
910
650
430
1030
280
490
240
820
670
660
790
400
570
540
710
690
570
720
680
580
780
770
590
830
530
680
690
580
810
760
790
640
480
290
880
640
830
430
540
1170
780
800
640
700
760
680
470
450
630
690
550
710
600
530
390
850
820
350
420
360
540
850
570
650
720
970
710
1030
490
650
400
500
650
600
340
770
920
900
420
500
600
580
380
510
480
390
270
400
640
600
830
770
570
1440
460
650
380
700
230
680
500
540
770
840
750
470
370
950
440
660
400
710
600
640
540
300
850
1200
490
650
660
590
1360
1090
940
590
610
460
530
840
570
640
560
680
530
540
620
560
730
570
330
630
860
630
550
580
660
580
480
800
280
630
720
700
810
460
830
380
660
850
410
430
700
550
620
670
590
790
900
820
670
810
890
370
440
750
1630
720
370
430
470
450
270
840
560
300
960
880
1000
900
350
380
660
1000
470
380
330
600
980
690
760
670
370
920
500
640
1250
410
540
520
740
580
920
550
650
610
840
1190
550
680
430
830
630
570
610
370
550
670
550
570
680
510
470
550
670
1130
1130
620
320
570
450
540
960
840
420
520
430
760
580
980
520
770
260
610
900
510
820
930
650
530
530
830
580
410
560
730
510
660
540
500
380
810
450
520
810
640
470
810
500
570
510
1020
360
670
970
630
1060
600
210
480
860
770
550
460
660
700
640
970
680
290
660
370
400
860
910
480
700
340
640
410
840
880
360
800
350
690
790
620
1020
710
470
1130
760
730
600
410
730
1020
530
890
700
280
920
960
670
490
480
410
950
630
310
810
920
570
520
690
390
760
980
750
360
490
1000
550
790
680
680
370
950
1100
710
680
710
450
520
950
820
940
330
810
970
500
630
530
740
260
580
820
570
950
700
580
770
700
540
640
500
480
520
340
490
550
500
520
690
580
660
680
640
680
290
400
700
340
380
500
290
610
680
690
510
400
970
790
510
440
640
510
590
690
650
490
630
500
600
450
810
890
620
620
1410
450
860
560
600
640
360
570
670
660
510
290
650
300
700
620
610
560
410
580
530
790
1130
830
780
620
580
610
870
460
700
750
850
440
640
740
290
710
480
360
430
580
550
850
960
870
390
370
350
480
630
840
710
600
460
520
910
520
840
930
510
310
