150
80
110
80
130
130
110
120
60
60
200
160
110
160
50
100
150
110
90
150
70
100
100
80
130
200
120
100
80
70
150
90
140
110
110
120
170
140
90
130
160
100
80
90
80
160
80
110
70
90
90
90
110
60
100
120
120
170
160
140
110
80
160
180
90
80
100
50
60
100
130
130
80
130
100
90
120
130
90
100
90
110
80
200
80
110
150
140
80
110
140
170
150
180
80
160
100
60
140
70
110
100
80
160
70
80
100
100
80
70
70
70
70
70
150
80
110
100
220
100
160
110
110
180
150
100
80
100
120
140
140
120
70
120
240
230
150
80
100
140
70
70
100
90
60
100
150
120
110
180
