1000
7
0.142857
570
360
340
360
610
680
720
500
510
740
420
340
260
560
240
660
480
590
370
320
550
710
420
440
570
650
750
720
510
620
610
350
470
330
720
830
630
340
450
390
490
490
440
800
490
230
130
590
320
320
280
330
350
410
300
390
360
390
430
410
450
160
870
480
470
250
320
610
390
320
370
610
410
470
290
460
830
670
480
530
660
440
550
360
730
740
490
630
410
290
620
350
450
760
290
420
600
480
790
590
970
410
480
590
600
240
330
350
520
280
520
300
610
630
540
510
280
340
430
360
590
320
730
560
530
600
300
590
520
400
320
700
420
590
480
810
270
540
560
530
360
320
720
320
420
620
700
910
670
360
310
280
530
490
360
260
520
500
460
350
370
270
740
330
700
700
990
500
340
1100
480
270
300
680
390
860
180
440
500
300
310
290
650
510
490
540
300
440
390
450
400
480
380
500
330
450
710
440
330
940
390
330
510
390
460
660
450
700
550
320
1140
460
660
560
410
640
600
740
650
420
680
640
370
530
270
310
530
550
180
220
390
470
650
870
410
550
450
600
480
420
560
380
470
400
330
440
520
490
700
340
310
340
410
540
720
430
210
260
460
410
340
500
400
750
580
440
240
1030
430
570
490
420
660
610
220
330
230
360
520
350
320
260
440
490
370
560
640
380
470
370
340
420
320
490
440
360
550
200
580
400
590
820
370
550
350
250
210
580
370
650
480
340
340
390
880
570
500
640
740
580
470
800
500
690
640
460
810
570
680
620
550
250
560
860
880
930
560
650
690
570
920
490
680
550
730
370
460
720
270
270
600
380
620
520
330
440
720
830
300
230
410
450
390
480
400
530
530
630
440
350
860
800
670
460
370
320
770
560
500
490
650
490
300
320
490
360
290
760
910
310
410
330
770
340
640
330
280
430
740
490
470
390
370
830
330
580
640
880
940
330
810
400
200
900
640
380
490
470
450
770
520
370
470
570
350
350
350
380
230
620
360
500
430
880
330
420
670
440
740
810
320
730
350
450
200
620
460
280
640
590
440
500
400
340
430
580
390
610
550
400
550
370
640
340
730
600
340
390
560
540
480
510
270
570
600
340
500
530
510
260
610
340
380
380
390
460
400
480
540
360
270
400
530
410
330
880
600
810
450
290
