1000
10
0.3
370
570
240
250
300
360
310
260
450
250
370
320
370
330
260
370
240
370
360
250
320
500
320
350
370
360
230
300
320
280
400
490
320
340
240
340
320
360
320
230
460
360
310
150
350
220
300
340
220
400
320
390
560
340
390
240
290
330
500
410
440
420
290
330
270
390
360
440
310
240
260
330
460
310
330
340
270
220
460
510
350
480
280
220
330
250
240
350
220
360
240
290
270
350
410
190
350
310
420
280
390
410
290
360
270
350
380
190
340
320
380
440
310
430
270
310
310
210
350
320
410
210
370
410
400
430
320
430
230
420
290
320
240
320
260
270
350
380
450
320
230
200
420
240
380
350
400
310
370
270
350
200
370
420
330
300
310
340
310
370
240
330
450
320
370
170
420
350
360
300
440
300
270
290
330
410
340
360
410
220
360
320
260
290
300
320
320
390
410
410
300
450
310
330
390
230
280
320
270
270
300
430
290
510
280
360
200
250
290
250
270
340
360
230
230
370
310
210
410
280
280
290
210
260
290
490
580
310
490
430
460
410
370
330
350
330
350
290
380
250
320
410
300
330
400
340
220
440
380
410
150
310
330
320
270
270
250
440
360
420
240
400
340
290
300
330
280
490
390
320
250
190
270
430
500
350
360
400
410
210
370
240
320
210
440
320
300
440
330
580
300
370
210
450
330
360
430
390
300
350
260
470
290
320
240
430
270
280
310
350
300
420
420
350
280
290
390
290
520
280
210
280
400
200
310
470
340
310
230
320
350
310
420
350
280
360
370
330
320
200
260
370
520
370
410
330
300
330
420
170
410
230
230
300
470
220
250
450
330
350
290
330
300
320
360
350
410
340
520
390
430
360
150
490
420
410
370
450
400
260
380
390
400
380
180
390
190
600
250
270
240
350
600
280
330
430
350
500
430
300
250
380
210
330
270
210
330
380
540
370
330
310
330
490
300
290
390
400
250
280
220
290
370
460
340
410
440
240
350
280
140
300
510
360
370
260
340
310
400
240
330
310
440
340
310
500
290
180
170
380
480
230
540
340
330
350
340
280
400
160
450
400
300
350
350
270
320
360
290
270
300
340
440
300
320
390
210
560
290
330
260
300
490
310
380
420
540
340
320
550
270
290
280
400
370
300
360
340
480
200
