1000
10
0.8
260
260
310
240
190
350
250
200
130
190
260
240
220
290
140
150
190
460
240
220
290
320
240
230
230
260
210
260
260
220
260
190
340
220
240
220
190
270
270
230
410
240
270
280
170
180
280
210
150
320
220
320
200
220
310
230
280
220
470
230
190
150
280
270
180
190
250
340
330
200
240
300
270
210
290
270
280
360
290
180
240
260
210
270
200
260
230
170
240
250
330
280
230
230
220
170
290
170
190
410
170
280
130
110
230
320
160
210
350
260
240
260
270
230
210
330
280
450
270
220
220
250
260
190
170
190
230
160
170
310
180
210
200
190
260
240
250
240
240
300
270
190
260
420
320
240
270
370
380
150
270
260
210
350
370
180
300
300
210
260
190
220
250
210
270
190
200
190
220
230
150
210
190
170
160
320
470
210
260
270
250
190
220
170
170
170
300
190
180
340
230
220
310
210
300
260
170
280
210
230
150
290
320
210
130
250
220
310
280
190
250
150
170
200
220
200
160
150
230
200
180
230
300
150
220
240
300
230
200
180
260
220
200
240
270
400
150
290
220
290
190
220
240
250
170
210
260
240
220
300
260
240
240
240
190
240
280
240
180
210
220
210
250
210
210
250
290
430
320
160
220
300
250
240
370
270
310
170
140
160
280
190
180
240
160
210
130
280
290
250
260
190
220
140
320
190
160
170
350
380
160
210
160
320
240
230
220
190
210
360
270
140
260
230
200
160
220
300
420
200
240
190
250
220
190
170
400
300
400
260
390
250
240
280
240
180
130
180
140
210
180
320
300
250
240
380
160
260
380
230
190
450
210
220
280
210
260
210
200
310
150
260
310
290
300
260
240
150
350
230
340
340
200
180
180
230
330
210
210
290
220
200
320
190
210
310
230
250
200
280
180
280
190
190
270
220
330
340
170
300
300
230
150
240
450
420
150
230
250
220
240
160
310
190
180
200
280
290
330
200
250
300
150
180
160
140
250
200
200
260
220
320
200
200
210
190
500
300
210
190
260
290
300
280
150
490
290
260
230
370
230
230
240
150
220
220
300
220
210
210
260
250
180
340
150
130
240
230
210
170
180
240
210
220
180
220
210
270
240
350
240
210
180
370
400
370
220
240
230
180
170
240
230
290
270
250
270
280
290
220
