1000
5
0.1
280
600
390
470
410
660
600
960
780
480
560
370
450
330
1060
450
560
540
570
350
750
610
1140
510
390
860
240
580
290
420
330
300
490
510
520
270
340
210
510
800
610
850
530
860
980
810
230
760
810
570
400
660
500
630
360
170
620
190
720
410
480
380
380
520
430
230
270
470
500
520
600
640
970
500
660
150
540
830
540
730
670
340
620
870
320
410
570
810
490
490
480
490
430
520
350
340
320
290
410
510
440
640
420
500
420
380
410
490
320
460
420
360
350
520
520
540
350
1180
730
390
640
860
480
420
280
490
470
760
810
600
650
210
430
330
610
160
800
520
250
510
1000
710
330
520
680
270
570
260
280
590
570
470
100
910
640
300
410
270
380
440
430
920
530
300
550
610
890
270
670
440
260
540
470
680
320
570
680
560
550
290
580
400
670
710
740
660
150
320
490
290
500
390
820
490
190
230
470
630
640
730
270
450
200
240
500
220
280
540
300
270
260
570
750
540
400
940
400
620
530
450
670
560
360
460
180
740
460
250
260
300
450
800
490
550
490
400
250
130
520
880
700
320
810
580
740
390
340
540
410
810
730
710
840
480
930
550
700
130
700
850
340
660
310
590
490
200
430
300
360
470
690
230
530
580
470
950
290
340
540
640
870
150
620
440
420
700
340
170
410
700
470
540
730
420
380
560
510
350
420
220
520
770
820
560
230
280
380
460
630
1180
950
520
520
530
480
540
320
530
640
400
310
560
960
730
570
560
850
200
620
380
330
500
560
620
1010
240
510
480
670
300
390
490
770
390
350
610
1210
300
430
220
600
1030
290
700
340
720
500
540
450
510
480
190
800
620
940
410
1100
560
550
400
680
690
310
260
400
590
610
760
1000
550
650
440
740
490
870
500
780
580
830
550
620
170
530
520
520
430
560
720
340
660
660
330
460
610
500
500
980
520
490
450
590
850
630
730
140
350
430
330
610
620
550
370
250
730
590
570
450
530
510
460
830
820
380
1100
950
330
490
800
540
680
310
290
320
570
800
570
800
610
410
430
660
360
340
480
430
450
370
260
250
90
370
490
500
350
480
220
380
390
280
730
420
670
500
500
680
350
510
270
1020
390
540
460
200
490
290
590
670
340
580
490
470
750
280
270
620
440
1390
820
260
670
