1000
10
0.6
160
160
210
170
270
200
290
190
220
310
260
140
270
290
160
250
250
250
180
270
190
250
160
180
250
210
160
280
250
220
230
170
210
200
180
200
160
170
240
260
210
210
250
160
170
170
260
230
270
300
190
260
310
210
220
150
240
210
280
200
240
200
200
210
160
220
300
200
160
260
230
270
260
160
210
190
150
110
180
220
170
200
240
150
130
230
200
180
180
220
190
190
130
160
110
220
220
210
220
170
240
190
220
190
190
250
230
230
190
150
170
180
150
200
310
230
210
130
210
150
190
190
130
190
200
250
160
260
210
160
140
190
180
220
230
190
190
250
200
240
210
170
190
240
290
200
220
220
190
310
170
150
280
180
270
210
190
170
250
250
170
190
260
220
270
150
170
240
190
180
260
220
240
190
260
190
210
220
200
240
200
230
230
260
240
170
230
190
120
160
180
310
220
150
200
320
150
200
180
190
220
180
220
180
210
180
260
240
150
160
170
150
190
240
190
180
150
140
160
220
250
210
180
220
230
260
190
170
170
170
300
160
190
200
300
150
200
220
300
160
220
160
140
190
210
190
180
180
160
180
250
140
160
190
250
150
210
170
170
200
240
150
150
230
230
240
240
250
270
180
220
190
210
280
160
190
140
170
240
180
310
170
160
180
170
220
160
170
170
180
260
160
260
280
280
190
250
340
190
160
190
270
290
140
210
140
290
170
230
240
310
200
210
240
170
180
330
130
190
310
180
200
210
230
230
160
180
160
200
230
180
220
170
220
250
230
150
170
170
240
230
120
180
200
200
170
220
160
190
270
170
170
170
260
270
300
320
250
170
300
150
180
210
110
250
230
230
200
170
230
310
210
260
210
170
210
140
340
220
150
210
200
190
190
200
190
240
290
160
230
220
220
180
210
270
210
180
210
150
230
170
220
200
180
260
230
190
160
260
170
190
230
160
130
170
140
240
190
140
200
310
200
190
260
220
180
190
200
270
220
170
180
170
190
250
170
230
240
200
150
130
170
260
220
220
170
180
310
170
230
230
240
210
160
280
170
310
170
200
160
240
150
180
230
200
200
200
160
150
220
180
150
160
180
250
240
250
320
160
240
290
190
220
240
240
280
140
200
220
160
250
190
230
180
220
220
240
210
250
260
