1000
4
0.25
150
140
110
440
260
90
180
250
260
150
140
130
220
200
200
190
90
280
250
180
200
190
180
90
170
130
180
160
110
100
160
150
360
80
210
120
90
160
270
80
170
110
200
180
130
110
110
110
160
110
60
130
250
70
200
100
140
180
110
170
300
130
150
140
300
230
170
60
120
230
150
120
170
150
110
270
150
340
80
140
230
140
100
120
120
330
100
110
150
170
240
110
150
130
50
60
90
120
180
240
120
160
230
220
170
210
150
130
80
220
320
170
190
110
50
170
180
190
210
110
150
260
120
200
240
220
190
90
100
180
90
140
100
70
180
310
140
90
100
180
200
70
90
140
220
190
270
170
60
160
120
100
210
280
120
100
210
200
210
150
110
200
130
230
140
240
160
70
130
150
150
240
110
230
210
130
160
210
120
100
280
160
190
130
130
120
240
160
140
120
110
280
70
120
110
90
140
140
290
100
120
340
100
130
300
210
170
110
240
140
110
170
190
140
110
130
160
100
130
100
130
130
120
160
140
140
150
220
310
70
470
130
140
160
230
230
120
100
90
70
100
90
190
80
260
240
110
140
140
80
120
160
240
120
100
200
160
140
220
80
170
230
210
290
120
160
160
100
220
260
180
170
180
200
130
250
120
190
180
180
180
130
100
60
190
80
240
210
160
120
130
290
210
220
470
100
70
200
110
200
150
250
160
90
90
200
100
250
190
50
410
130
170
200
160
180
120
180
280
120
160
100
100
280
140
50
220
150
290
60
80
110
160
150
120
120
120
130
140
140
240
130
100
130
100
180
180
220
150
90
390
190
310
80
110
120
120
100
130
90
80
150
220
120
180
240
150
140
140
80
160
90
80
150
160
180
170
230
140
160
90
110
180
120
100
70
160
170
180
320
130
130
100
120
120
140
250
150
200
140
130
110
180
150
240
230
130
120
210
240
120
90
180
260
130
90
140
140
160
260
100
120
190
130
130
90
80
150
120
120
110
170
250
330
150
320
110
230
230
160
80
260
170
80
150
180
130
90
120
90
240
120
180
80
210
160
170
190
220
110
140
200
150
200
180
40
230
150
330
180
140
190
240
70
240
160
110
70
160
100
170
280
160
60
140
130
80
230
210
200
220
160
300
150
170
130
290
110
120
90
