1000
9
0.11111111
940
700
1050
770
960
950
670
640
720
840
1200
890
1210
1300
1070
510
700
900
560
790
1050
1120
1200
860
1030
880
740
820
490
1210
1200
460
650
750
2000
800
950
620
690
610
1330
690
500
920
1030
1400
780
620
380
770
530
1210
570
740
610
710
840
630
300
570
680
890
730
760
700
1110
1030
1380
1370
700
1020
1160
700
780
580
580
980
1140
820
1050
800
690
500
950
430
750
670
900
800
650
460
620
900
680
1210
800
880
990
290
990
730
680
720
520
910
500
930
440
550
860
550
730
780
1040
910
680
890
760
640
1070
560
580
710
1130
800
790
500
910
820
1560
540
460
980
1020
1000
930
1400
1030
570
690
730
1500
850
730
660
610
620
1130
850
620
510
1350
820
710
930
890
990
730
740
1090
510
730
690
640
660
1130
660
870
720
490
620
530
580
770
420
360
950
860
680
590
1180
480
770
760
720
560
1060
890
500
610
980
1000
890
600
1260
730
640
830
1190
680
1090
700
740
1150
1110
370
510
800
920
1150
720
410
540
1120
750
660
950
570
620
520
650
750
710
730
1020
590
520
540
700
760
670
1130
860
530
550
730
610
330
590
860
860
1000
550
880
580
1020
780
460
640
840
640
910
870
670
380
830
690
640
420
590
1180
910
770
730
680
540
1180
550
690
680
600
720
580
740
510
660
860
920
1460
1020
860
860
790
650
1330
390
600
520
570
860
680
730
650
630
640
530
690
720
580
740
1220
950
800
1210
1010
950
540
450
1030
690
1080
800
1130
890
1130
1040
690
1010
800
670
1060
1350
440
760
950
610
650
940
430
680
960
690
500
770
560
890
850
610
920
600
1000
1030
850
570
860
1060
910
1060
450
630
1170
1080
680
980
740
890
900
760
790
1060
810
590
840
530
770
1390
890
870
760
760
790
1550
440
1010
730
560
850
990
470
580
640
1270
1230
750
510
690
570
780
500
430
720
560
1130
440
930
750
800
990
950
660
960
560
990
1260
640
760
930
770
880
410
870
970
750
1420
560
750
600
1160
580
490
870
1030
750
830
590
920
800
630
870
1020
540
590
760
590
620
780
950
650
750
1060
620
880
770
640
710
1040
710
450
1110
1270
1200
860
1200
500
1010
1020
410
920
660
1090
610
760
470
1050
670
860
500
620
720
540
690
900
480
1200
610
400
720
830
310
1050
440
690
800
700
430
350
790
590
630
440
1090
660
770
790
420
1180
450
1130
1210
520
