1000
10
0.7
260
280
260
250
190
220
140
210
170
200
160
190
140
210
250
260
230
150
210
250
290
190
150
200
160
240
160
220
200
230
210
160
180
210
200
240
220
220
270
210
160
170
150
300
290
180
200
170
220
380
280
220
250
270
180
150
280
240
160
210
180
270
180
240
220
190
170
210
190
170
210
250
240
240
230
190
160
220
190
240
180
130
260
170
200
260
260
170
290
230
180
210
180
180
210
270
210
230
220
200
200
270
160
190
240
140
140
210
200
190
200
180
190
280
150
180
200
180
190
190
210
190
220
150
130
310
210
190
180
210
180
220
200
190
160
220
210
220
200
200
130
250
220
210
180
140
220
240
270
200
200
230
240
180
230
150
170
240
160
210
180
200
170
220
240
270
220
190
140
150
220
140
200
120
190
310
200
220
300
190
240
170
200
170
320
240
210
160
240
230
190
130
220
260
130
200
160
150
190
210
170
170
540
240
120
280
180
260
210
200
250
180
200
290
140
150
260
230
230
180
140
240
170
300
200
290
320
160
210
220
300
180
190
210
220
240
190
150
290
210
260
190
260
180
150
260
130
240
180
150
270
300
280
240
290
230
240
200
190
210
160
160
190
170
190
260
230
350
270
180
270
230
180
200
190
210
300
200
190
190
260
230
230
310
200
420
330
280
200
180
200
290
110
150
240
230
220
170
210
230
210
230
150
220
240
260
170
230
270
250
210
130
160
230
190
190
200
270
190
150
240
140
220
260
190
180
210
210
260
180
220
220
150
200
320
170
170
140
300
210
180
200
200
220
180
220
240
220
230
160
220
230
210
220
200
170
170
150
260
280
230
270
140
250
180
170
140
220
250
180
200
260
230
230
250
150
280
150
210
190
220
220
210
300
140
220
150
230
130
260
290
200
220
220
230
180
260
250
160
190
150
150
300
290
170
200
190
220
200
220
120
240
190
340
190
220
230
190
250
200
220
260
150
180
410
220
160
200
180
220
180
160
220
150
140
200
190
220
290
310
260
150
230
190
170
220
130
250
140
220
200
150
170
270
280
150
190
230
150
210
200
160
200
240
170
270
190
300
220
250
190
230
240
260
170
270
170
180
180
200
170
160
230
180
210
150
280
160
240
230
260
280
140
270
180
190
180
250
200
240
