1000
5
0.2
190
180
210
230
200
800
250
370
170
360
370
250
320
150
100
250
240
140
290
200
270
170
430
210
540
190
160
290
160
180
500
230
270
260
350
150
220
410
210
280
270
560
290
210
180
160
200
230
170
280
250
310
170
220
200
280
150
190
200
210
210
190
320
140
240
170
410
380
380
260
170
230
120
360
200
210
270
190
260
150
240
130
230
200
160
300
400
110
210
170
380
270
170
240
170
250
590
270
340
150
360
300
180
120
160
280
340
230
240
170
510
280
360
280
140
100
190
160
180
220
180
250
170
380
110
130
400
310
470
230
130
320
240
180
420
430
210
170
160
150
340
150
130
410
260
360
200
300
190
140
230
260
330
510
200
130
170
160
200
360
130
250
200
330
290
390
630
140
300
190
450
320
250
210
220
160
350
130
250
200
230
340
250
190
270
450
170
130
220
100
390
310
220
210
180
180
120
290
170
430
340
270
190
160
430
470
120
170
200
310
270
200
400
370
330
300
200
290
340
340
110
140
400
120
220
180
180
270
300
310
140
220
160
300
170
270
300
400
370
210
70
380
250
210
100
110
110
210
420
460
320
280
250
350
290
310
280
220
80
250
180
190
130
230
270
110
410
130
190
180
320
310
280
420
330
170
270
240
490
230
190
410
450
430
170
230
280
150
220
360
240
210
180
180
180
160
650
220
260
150
170
230
370
150
310
300
270
430
310
220
220
220
350
170
180
360
180
240
170
290
360
240
310
180
130
290
300
200
190
230
180
420
370
290
250
400
290
240
290
250
130
290
340
330
330
290
360
260
130
70
170
390
410
300
210
170
260
520
290
200
200
150
330
210
450
260
230
70
370
490
230
360
290
220
160
150
160
80
310
460
510
290
330
330
300
190
260
390
280
350
190
230
280
250
130
120
120
270
220
170
230
260
150
430
150
350
180
320
290
120
290
80
260
240
250
290
180
410
200
230
210
360
630
270
390
250
170
100
290
300
170
130
590
140
420
160
310
280
370
230
200
280
360
180
440
350
400
270
360
140
410
220
220
210
230
70
150
240
280
470
380
290
240
310
300
450
280
160
350
240
280
290
450
120
190
360
270
120
380
230
270
280
400
140
400
240
110
230
250
260
160
270
190
260
460
250
190
160
250
130
