1000
10
0.5
260
180
170
110
220
110
270
180
220
420
240
270
190
230
200
290
210
300
220
260
210
260
150
170
210
220
190
140
230
110
210
250
210
270
230
210
230
160
280
230
190
190
190
260
180
200
180
250
130
200
260
240
160
220
290
290
240
350
200
140
190
160
210
160
250
220
270
210
240
210
290
220
190
200
260
250
290
210
260
320
230
190
210
220
280
260
420
260
180
210
130
270
230
190
220
200
180
350
230
180
190
160
220
150
170
350
210
280
270
190
220
310
210
370
250
290
180
240
180
180
190
200
190
210
240
110
180
170
260
170
160
250
240
350
210
210
280
340
260
160
170
240
170
250
180
210
280
210
140
170
170
150
200
240
260
290
120
170
200
130
350
210
250
200
220
250
320
140
230
300
200
200
260
200
230
230
160
200
200
270
240
250
360
230
160
170
220
260
220
170
230
170
210
400
310
180
190
290
260
280
220
180
230
240
250
190
160
240
150
250
280
160
130
180
330
250
210
240
200
270
210
200
240
250
170
190
190
190
170
110
190
300
280
200
300
150
220
210
200
240
270
170
220
180
240
210
270
340
250
220
250
250
340
150
230
240
350
230
270
220
190
160
170
210
180
160
310
210
170
220
210
190
230
280
240
160
260
220
270
250
250
180
230
170
250
220
260
240
240
130
250
270
180
180
190
190
300
250
190
230
210
150
160
250
230
200
140
240
210
270
190
160
220
210
220
180
170
230
180
210
210
220
230
240
220
180
210
270
210
270
230
210
240
190
230
210
300
310
150
230
230
220
310
250
330
210
240
310
310
240
190
260
170
220
290
140
240
270
230
260
230
240
160
280
230
260
290
210
300
190
320
140
220
260
260
200
240
170
180
200
200
160
190
350
210
190
330
200
220
220
170
160
330
190
190
290
250
170
180
380
190
240
190
240
180
180
230
240
210
260
300
240
210
280
180
240
170
230
220
190
310
180
210
260
180
250
160
280
160
230
240
200
200
240
260
230
230
260
230
320
200
140
260
180
270
280
200
170
180
270
220
360
230
210
200
270
190
150
270
260
300
170
210
200
130
190
210
170
200
300
240
240
260
230
240
160
280
140
190
280
230
210
250
180
260
280
210
220
320
240
200
210
200
280
180
250
240
230
240
140
